597621
41909
163075
537039
384666
504140
486980
605856
32163
558791
551829
765334
751384
425770
908351
173976
7314
213432
885605
819223
691633
452291
407610
905628
459074
687325
396321
828963
226374
172133
277876
599130
448961
324502
804489
726490
486434
182121
323129
54147
621670
555924
587935
245186
721816
57791
185067
402132
74397
434134
185821
870811
191990
21682
399699
438491
614831
183501
846221
36292
666882
1536
468736
699754
354640
187242
715883
596972
232639
626893
587721
557124
818382
466323
495084
798584
438493
522190
483532
637936
223236
837478
227675
138746
812640
298511
369102
772466
427629
655158
717644
133962
260644
704396
914474
673065
48888
8316
564521
839863
